1 0 68 0
2 0 48 0
3 0 139 0
4 0 79 0
5 0 20 0
6 0 82 0
7 0 44 0
8 0 11 0
9 0 265 0
10 0 171 0
11 0 248 0
12 0 21 0
13 0 101 0
14 0 48 0
15 0 74 0
16 0 83 0
17 0 184 0
18 0 135 0
19 0 103 0
20 0 86 0
21 0 157 0
22 0 83 0
23 0 203 0
24 0 125 0
25 0 183 0
26 0 177 0
27 0 22 0
28 0 194 0
29 0 185 0
30 0 120 0
31 0 49 0
32 0 10 0
33 0 120 0
34 0 103 0
35 0 249 0
36 0 234 0
37 0 73 0
38 0 38 0
39 0 98 0
40 0 160 0
41 0 60 0
42 0 39 0
43 0 307 0
44 0 68 0
45 0 26 0
46 0 97 0
47 0 63 0
48 0 266 0
49 0 11 0
50 0 36 0
51 0 22 0
52 0 125 0
53 0 130 0
54 0 210 0
55 0 18 0
56 0 84 0
57 0 84 0
58 0 0 0
59 0 194 0
60 0 157 0
61 0 173 0
62 0 47 0
63 0 184 0
64 0 77 0
65 0 132 0
66 0 81 0
67 0 91 0
68 0 22 0
69 0 212 0
70 0 188 0
71 0 174 0
72 0 115 0
73 0 70 0
74 0 49 0
75 0 253 0
76 0 57 0
77 0 223 0
78 0 20 0
79 0 154 0
80 0 155 0
81 0 145 0
82 0 0 0
83 0 9 0
84 0 44 0
85 0 256 0
86 0 69 0
87 0 45 0
88 0 263 0
89 0 200 0
90 0 260 0
91 0 96 0
92 0 179 0
93 0 112 0
94 0 42 0
95 0 46 0
96 0 86 0
97 1 256 58
98 1 205 82
99 1 256 58
100 1 205 82
101 10 248 83
102 10 248 83
103 11 298 32
104 11 298 32
105 12 354 8
106 12 265 49
107 12 354 8
108 12 265 49
109 19 224 55
110 19 181 55
111 21 144 5
112 21 305 78
113 21 144 5
114 21 305 78
115 22 261 12
116 22 261 12
117 23 277 27
118 23 259 51
119 23 316 68
120 23 277 27
121 23 259 51
122 23 316 68
123 27 296 45
124 27 296 45
125 37 347 50
126 37 347 50
127 39 211 38
128 39 211 38
129 40 230 42
130 40 242 42
131 43 331 94
132 43 331 94
133 45 284 7
134 45 247 84
135 45 284 7
136 45 247 84
137 46 413 87
138 46 413 87
139 47 311 95
140 47 311 95
141 48 303 62
142 48 303 62
143 49 202 2
144 49 286 14
145 49 202 2
146 49 286 14
147 50 375 31
148 50 349 74
149 50 375 31
150 50 349 74
151 58 442 76
152 58 442 76
153 64 333 47
154 64 333 47
155 69 197 1
156 69 338 44
157 69 233 1
158 69 338 44
159 70 358 86
160 70 358 86
161 71 344 73
162 71 344 73
163 74 249 37
164 74 249 37
165 75 400 15
166 75 400 15
167 78 320 64
168 78 320 64
169 80 223 4
170 80 223 4
171 82 410 66
172 82 410 66
173 83 236 6
174 83 236 6
175 84 320 22
176 84 320 22
177 85 331 56
178 85 319 57
179 85 331 56
180 85 297 57
181 87 361 20
182 87 221 96
183 87 361 20
184 87 390 96
185 92 419 67
186 92 419 67
187 97 269 91
188 97 346 91
189 98 450 46
190 98 450 46
191 99 304 39
192 99 304 39
193 102 342 13
194 102 342 13
195 104 381 19
196 104 391 34
197 104 381 19
198 104 391 34
199 113 433 93
200 113 433 93
201 116 329 72
202 116 329 72
203 121 192 30
204 121 463 33
205 121 311 30
206 121 463 33
207 126 437 24
208 126 361 52
209 126 437 24
210 126 361 52
211 131 406 53
212 131 406 53
213 133 423 65
214 133 423 65
215 136 413 18
216 136 413 18
217 140 263 3
218 140 263 3
219 145 310 111
220 145 268 113
221 145 310 111
222 145 268 113
223 146 400 81
224 146 400 81
225 155 357 79
226 155 357 79
227 156 382 80
228 156 382 80
229 158 406 21
230 158 412 60
231 158 406 21
232 158 412 60
233 161 357 40
234 161 357 40
235 172 435 10
236 172 435 10
237 174 313 61
238 174 290 61
239 175 388 71
240 175 388 71
241 178 366 26
242 178 393 26
243 180 219 92
244 180 444 92
245 184 405 25
246 184 405 25
247 185 422 17
248 185 412 63
249 185 422 17
250 185 427 63
251 186 401 29
252 186 401 29
253 189 402 70
254 189 402 70
255 195 482 28
256 195 400 59
257 195 491 28
258 195 400 59
259 201 489 89
260 201 489 89
261 203 358 143
262 203 334 145
263 203 358 143
264 203 334 145
265 204 439 23
266 204 439 23
267 206 448 98
268 206 412 100
269 206 448 98
270 206 412 100
271 211 451 54
272 211 451 54
273 212 384 127
274 212 407 128
275 212 384 127
276 212 407 128
277 213 426 69
278 213 426 69
279 224 500 77
280 224 309 169
281 224 347 170
282 224 500 77
283 224 347 169
284 224 347 170
285 225 487 109
286 225 313 109
287 234 357 157
288 234 357 157
289 235 500 36
290 235 500 36
291 237 360 173
292 237 371 174
293 237 360 173
294 237 371 174
295 243 459 130
296 243 477 130
297 248 437 134
298 248 450 136
299 248 500 134
300 248 397 136
301 249 500 11
302 249 457 101
303 249 500 102
304 249 500 11
305 249 457 101
306 249 500 102
307 250 500 35
308 250 442 163
309 250 466 164
310 250 500 35
311 250 442 163
312 250 466 164
313 254 500 75
314 254 500 75
315 257 432 85
316 257 462 97
317 257 481 99
318 257 500 85
319 257 462 97
320 257 481 99
321 260 486 118
322 260 486 121
323 260 486 118
324 260 486 121
325 261 500 90
326 261 500 90
327 262 500 115
328 262 500 116
329 262 500 115
330 262 500 116
331 264 500 88
332 264 402 217
333 264 387 218
334 264 331 88
335 264 402 217
336 264 387 218
337 266 500 9
338 266 492 106
339 266 500 108
340 266 500 9
341 266 492 106
342 266 500 108
343 267 500 48
344 267 500 48
345 269 425 220
346 269 392 222
347 269 425 220
348 269 392 222
349 278 493 117
350 278 500 120
351 278 493 117
352 278 500 120
353 285 500 133
354 285 500 135
355 285 500 133
356 285 500 135
357 287 500 144
358 287 500 146
359 287 500 144
360 287 500 146
361 297 500 123
362 297 500 124
363 297 500 123
364 297 500 124
365 299 500 103
366 299 500 104
367 299 500 103
368 299 500 104
369 304 500 141
370 304 500 142
371 304 500 141
372 304 500 142
373 305 500 191
374 305 491 192
375 305 500 191
376 305 491 192
377 306 500 112
378 306 500 114
379 306 500 112
380 306 500 114
381 308 500 43
382 308 500 43
383 311 463 219
384 311 440 221
385 311 463 219
386 311 440 221
387 312 500 139
388 312 500 140
389 312 500 139
390 312 500 140
391 317 500 119
392 317 500 122
393 317 500 119
394 317 500 122
395 320 500 178
396 320 500 178
397 321 500 167
398 321 500 168
399 321 500 175
400 321 500 176
401 321 500 167
402 321 500 168
403 321 500 175
404 321 500 176
405 330 500 201
406 330 500 202
407 330 500 201
408 330 500 202
409 332 500 131
410 332 500 132
411 332 500 177
412 332 500 179
413 332 500 131
414 332 500 132
415 332 500 177
416 332 500 179
417 334 462 153
418 334 500 154
419 334 500 153
420 334 500 154
421 335 500 262
422 335 476 264
423 335 500 262
424 335 476 264
425 339 500 156
426 339 500 158
427 339 500 156
428 339 500 158
429 343 500 193
430 343 500 194
431 343 500 193
432 343 500 194
433 345 500 161
434 345 500 162
435 345 500 161
436 345 427 162
437 348 356 125
438 348 500 126
439 348 500 281
440 348 380 283
441 348 471 284
442 348 500 125
443 348 500 126
444 348 500 281
445 348 471 283
446 348 471 284
447 350 500 148
448 350 500 150
449 350 500 148
450 350 500 150
451 355 500 105
452 355 500 107
453 355 500 105
454 355 500 107
455 358 500 225
456 358 500 226
457 358 404 233
458 358 500 234
459 358 481 287
460 358 500 288
461 358 500 225
462 358 500 226
463 358 500 233
464 358 500 234
465 358 481 287
466 358 500 288
467 359 500 159
468 359 500 160
469 359 482 261
470 359 500 263
471 359 500 159
472 359 500 160
473 359 482 261
474 359 500 263
475 361 484 291
476 361 495 293
477 361 484 291
478 361 495 293
479 362 500 181
480 362 500 183
481 362 500 208
482 362 500 210
483 362 500 181
484 362 500 183
485 362 500 208
486 362 500 210
487 372 495 292
488 372 500 294
489 372 495 292
490 372 500 294
491 376 500 147
492 376 500 149
493 376 500 147
494 376 500 149
495 382 500 195
496 382 500 197
497 382 500 195
498 382 500 197
499 383 500 227
500 383 500 228
501 383 500 227
502 383 500 228
503 385 452 273
504 385 500 275
505 385 500 273
506 385 500 275
507 388 500 333
508 388 500 336
509 388 500 333
510 388 500 336
511 389 500 239
512 389 500 240
513 389 500 239
514 389 500 240
515 392 500 196
516 392 500 198
517 392 500 196
518 392 500 198
519 393 500 346
520 393 500 348
521 393 500 346
522 393 500 348
523 394 500 242
524 394 500 242
525 401 500 165
526 401 500 166
527 401 500 223
528 401 500 224
529 401 500 256
530 401 500 258
531 401 500 165
532 401 500 166
533 401 500 223
534 401 500 224
535 401 500 256
536 401 500 258
537 402 500 251
538 402 500 252
539 402 500 251
540 402 500 252
541 403 500 253
542 403 500 254
543 403 500 332
544 403 500 335
545 403 500 253
546 403 500 254
547 403 500 332
548 403 500 335
549 406 500 245
550 406 500 246
551 406 500 245
552 406 500 246
553 407 500 211
554 407 500 212
555 407 500 229
556 407 500 231
557 407 500 211
558 407 500 212
559 407 500 229
560 407 500 231
561 408 500 274
562 408 500 276
563 408 500 274
564 408 500 276
565 411 500 171
566 411 500 172
567 411 500 171
568 411 500 172
569 413 500 230
570 413 500 232
571 413 500 268
572 413 500 270
573 413 500 230
574 413 500 232
575 413 500 268
576 413 500 270
577 414 500 137
578 414 500 138
579 414 500 215
580 414 500 216
581 414 500 137
582 414 500 138
583 414 500 215
584 414 500 216
585 420 435 185
586 420 500 186
587 420 500 185
588 420 500 186
589 423 500 247
590 423 500 249
591 423 500 247
592 423 500 249
593 424 500 213
594 424 500 214
595 424 500 213
596 424 500 214
597 426 500 345
598 426 500 347
599 426 500 345
600 426 500 347
601 427 500 277
602 427 500 278
603 427 500 277
604 427 500 278
605 428 500 250
606 428 500 250
607 434 500 199
608 434 500 200
609 434 500 199
610 434 500 200
611 436 500 235
612 436 500 236
613 436 500 235
614 436 500 236
615 438 500 207
616 438 500 209
617 438 500 207
618 438 500 209
619 440 500 265
620 440 500 266
621 440 500 265
622 440 500 266
623 441 500 384
624 441 500 386
625 441 500 384
626 441 500 386
627 443 500 151
628 443 486 152
629 443 500 308
630 443 500 311
631 443 500 151
632 443 500 152
633 443 500 308
634 443 500 311
635 445 500 244
636 445 500 244
637 449 500 267
638 449 500 269
639 449 500 267
640 449 500 269
641 451 500 189
642 451 500 190
643 451 500 298
644 451 500 189
645 451 500 190
646 451 500 298
647 452 500 271
648 452 500 272
649 452 500 271
650 452 500 272
651 458 500 302
652 458 500 305
653 458 500 302
654 458 500 305
655 463 500 316
656 463 500 319
657 463 500 316
658 463 500 319
659 464 500 204
660 464 500 206
661 464 500 383
662 464 500 385
663 464 500 204
664 464 500 206
665 464 500 383
666 464 500 385
667 467 500 309
668 467 500 312
669 467 500 309
670 467 500 312
671 472 500 441
672 472 500 445
673 472 500 446
674 472 500 441
675 472 500 445
676 472 500 446
677 477 478 422
678 477 500 424
679 477 500 422
680 477 500 424
681 478 500 296
682 478 500 296
683 482 500 317
684 482 500 320
685 482 500 459
686 482 500 465
687 482 500 317
688 482 500 320
689 482 500 459
690 482 500 465
691 483 500 469
692 483 500 473
693 483 500 469
694 483 500 473
695 485 500 475
696 485 500 477
697 485 500 475
698 485 500 477
699 487 500 321
700 487 500 322
701 487 500 323
702 487 500 324
703 487 500 321
704 487 500 322
705 487 500 323
706 487 500 324
707 488 500 285
708 488 500 285
709 490 500 259
710 490 500 260
711 490 500 259
712 490 500 260
713 492 500 257
714 492 500 374
715 492 500 376
716 492 500 257
717 492 500 374
718 492 500 376
719 493 500 338
720 493 500 341
721 493 500 338
722 493 500 341
723 494 500 349
724 494 500 351
725 494 500 349
726 494 500 351
727 496 500 476
728 496 500 478
729 496 500 487
730 496 500 489
731 496 500 476
732 496 500 478
733 496 500 487
734 496 500 489
