1 0 83 0
2 0 17 0
3 0 93 0
4 0 121 0
5 0 93 0
6 0 87 0
7 0 187 0
8 0 253 0
9 0 59 0
10 0 238 0
11 0 100 0
12 0 217 0
13 0 100 0
14 0 82 0
15 0 56 0
16 0 148 0
17 0 170 0
18 0 139 0
19 0 197 0
20 0 163 0
21 0 0 0
22 0 46 0
23 0 29 0
24 0 51 0
25 0 92 0
26 0 39 0
27 0 152 0
28 0 5 0
29 0 215 0
30 0 129 0
31 0 68 0
32 0 209 0
33 0 150 0
34 0 271 0
35 0 203 0
36 0 45 0
37 0 84 0
38 0 84 0
39 0 6 0
40 0 116 0
41 0 114 0
42 0 148 0
43 0 63 0
44 0 0 0
45 0 223 0
46 0 251 0
47 0 116 0
48 0 48 0
49 0 114 0
50 0 31 0
51 0 30 0
52 0 46 0
53 0 236 0
54 0 199 0
55 0 15 0
56 0 0 0
57 0 85 0
58 0 141 0
59 0 95 0
60 0 178 0
61 0 160 0
62 0 241 0
63 0 3 0
64 0 77 0
65 0 56 0
66 0 131 0
67 0 33 0
68 0 68 0
69 0 26 0
70 0 218 0
71 0 61 0
72 0 59 0
73 0 49 0
74 0 174 0
75 0 43 0
76 0 216 0
77 0 142 0
78 0 283 0
79 0 112 0
80 0 87 0
81 0 179 0
82 0 95 0
83 0 171 0
84 0 54 0
85 0 317 0
86 0 252 0
87 0 98 0
88 0 108 0
89 0 90 0
90 0 24 0
91 0 65 0
92 0 67 0
93 0 31 0
94 0 64 0
95 0 208 0
96 0 226 0
97 1 247 21
98 1 270 44
99 1 265 56
100 1 247 21
101 1 270 44
102 1 265 56
103 4 278 63
104 4 278 63
105 16 297 55
106 16 297 55
107 18 150 2
108 18 150 2
109 25 313 90
110 25 185 90
111 27 325 69
112 27 325 69
113 30 271 23
114 30 271 23
115 31 257 51
116 31 257 51
117 32 343 50
118 32 335 93
119 32 343 50
120 32 335 93
121 34 318 67
122 34 318 67
123 44 394 75
124 44 394 75
125 46 177 36
126 46 452 36
127 47 320 22
128 47 320 22
129 49 318 48
130 49 318 48
131 50 387 73
132 50 266 73
133 52 287 24
134 52 231 24
135 55 257 84
136 55 257 84
137 57 310 15
138 57 299 65
139 57 310 15
140 57 299 65
141 60 358 9
142 60 225 72
143 60 358 9
144 60 279 72
145 62 275 71
146 62 275 71
147 64 333 43
148 64 333 43
149 65 329 94
150 65 329 94
151 66 400 91
152 66 400 91
153 68 332 92
154 68 332 92
155 69 406 31
156 69 282 68
157 69 406 31
158 69 282 68
159 78 320 64
160 78 320 64
161 83 409 14
162 83 409 14
163 84 217 1
164 84 217 1
165 85 267 37
166 85 257 38
167 85 267 37
168 85 257 38
169 86 312 57
170 86 312 57
171 88 211 6
172 88 311 80
173 88 131 6
174 88 311 80
175 91 451 89
176 91 451 89
177 93 350 25
178 93 350 25
179 94 217 3
180 94 246 5
181 94 217 3
182 94 246 5
183 96 301 59
184 96 298 82
185 96 301 59
186 96 298 82
187 99 500 87
188 99 500 87
189 101 360 11
190 101 365 13
191 101 360 11
192 101 365 13
193 109 432 88
194 109 432 88
195 113 324 79
196 113 324 79
197 115 340 41
198 115 404 49
199 115 340 41
200 115 404 49
201 117 289 40
202 117 444 47
203 117 184 40
204 117 444 47
205 122 245 4
206 122 245 4
207 130 351 30
208 130 351 30
209 132 448 66
210 132 448 66
211 140 377 18
212 140 377 18
213 142 347 58
214 142 347 58
215 149 435 16
216 149 321 42
217 149 435 16
218 149 321 42
219 151 274 107
220 151 274 108
221 151 274 107
222 151 274 108
223 153 384 27
224 153 384 27
225 161 403 61
226 161 403 61
227 164 183 20
228 164 259 20
229 171 440 17
230 171 440 17
231 172 374 83
232 172 374 83
233 175 500 74
234 175 500 74
235 179 384 60
236 179 384 60
237 180 393 81
238 180 393 81
239 188 470 7
240 188 470 7
241 198 433 19
242 198 433 19
243 200 426 54
244 200 426 54
245 204 491 35
246 204 491 35
247 209 500 95
248 209 500 95
249 212 354 171
250 212 360 171
251 216 431 29
252 216 431 29
253 217 500 76
254 217 500 76
255 218 500 12
256 218 341 163
257 218 346 164
258 218 358 179
259 218 341 181
260 218 500 12
261 218 341 163
262 218 346 164
263 218 358 179
264 218 341 181
265 219 432 70
266 219 432 70
267 224 493 45
268 224 493 45
269 227 491 96
270 227 293 96
271 237 463 53
272 237 463 53
273 239 500 10
274 239 500 10
275 242 500 62
276 242 500 62
277 246 387 205
278 246 369 206
279 246 387 205
280 246 369 206
281 247 370 180
282 247 370 182
283 247 370 180
284 247 370 182
285 248 495 97
286 248 500 100
287 248 495 97
288 248 500 100
289 252 500 46
290 252 500 46
291 253 500 86
292 253 500 86
293 254 493 8
294 254 493 8
295 258 486 115
296 258 484 116
297 258 478 135
298 258 500 136
299 258 410 166
300 258 380 168
301 258 486 115
302 258 484 116
303 258 478 135
304 258 500 136
305 258 476 166
306 258 430 168
307 266 471 99
308 266 483 102
309 266 471 99
310 266 483 102
311 268 440 165
312 268 440 167
313 268 440 165
314 268 440 167
315 271 500 98
316 271 500 101
317 271 500 98
318 271 500 101
319 272 500 34
320 272 500 113
321 272 500 114
322 272 500 34
323 272 500 113
324 272 500 114
325 275 398 219
326 275 416 220
327 275 398 221
328 275 398 222
329 275 398 219
330 275 416 220
331 275 398 221
332 275 398 222
333 276 489 145
334 276 500 146
335 276 489 145
336 276 500 146
337 279 500 103
338 279 500 104
339 279 500 103
340 279 500 104
341 280 500 144
342 280 500 144
343 283 500 156
344 283 496 158
345 283 500 156
346 283 496 158
347 284 500 78
348 284 500 78
349 288 500 133
350 288 308 133
351 290 352 201
352 290 290 201
353 298 500 105
354 298 500 106
355 298 500 105
356 298 500 106
357 299 500 184
358 299 500 186
359 299 500 184
360 299 500 186
361 300 500 138
362 300 500 140
363 300 500 138
364 300 500 140
365 302 500 183
366 302 500 185
367 302 500 183
368 302 500 185
369 311 500 137
370 311 500 139
371 311 500 137
372 311 500 139
373 312 379 172
374 312 483 174
375 312 328 172
376 312 440 174
377 313 500 169
378 313 500 170
379 313 500 169
380 313 500 170
381 314 500 109
382 314 457 109
383 318 500 85
384 318 500 85
385 319 500 121
386 319 500 122
387 319 500 129
388 319 500 130
389 319 500 121
390 319 500 122
391 319 500 129
392 319 500 130
393 321 444 127
394 321 351 128
395 321 500 159
396 321 500 160
397 321 500 127
398 321 429 128
399 321 500 159
400 321 500 160
401 322 494 216
402 322 500 218
403 322 494 216
404 322 500 218
405 325 500 195
406 325 500 196
407 325 500 195
408 325 500 196
409 326 500 111
410 326 500 112
411 326 500 111
412 326 500 112
413 330 441 149
414 330 500 150
415 330 500 149
416 330 500 150
417 333 500 153
418 333 500 154
419 333 500 153
420 333 500 154
421 334 334 147
422 334 500 148
423 334 500 147
424 334 500 148
425 336 500 118
426 336 500 120
427 336 500 118
428 336 500 120
429 341 500 197
430 341 500 199
431 341 500 197
432 341 500 199
433 342 474 256
434 342 449 259
435 342 489 261
436 342 465 264
437 342 474 256
438 342 465 259
439 342 489 261
440 342 465 264
441 344 500 117
442 344 500 119
443 344 500 117
444 344 500 119
445 347 470 257
446 347 497 262
447 347 470 257
448 347 497 262
449 348 500 213
450 348 500 214
451 348 500 213
452 348 500 214
453 351 500 177
454 351 500 178
455 351 500 177
456 351 500 178
457 352 500 207
458 352 500 208
459 352 500 207
460 352 500 208
461 359 500 141
462 359 500 143
463 359 482 258
464 359 482 263
465 359 500 141
466 359 500 143
467 359 482 258
468 359 482 263
469 361 500 189
470 361 500 191
471 361 480 250
472 361 500 189
473 361 500 191
474 361 484 250
475 366 500 190
476 366 500 192
477 366 500 190
478 366 500 192
479 370 500 278
480 370 493 280
481 370 500 278
482 370 493 280
483 371 494 281
484 371 500 282
485 371 494 283
486 371 500 284
487 371 494 281
488 371 500 282
489 371 494 283
490 371 500 284
491 375 500 231
492 375 500 232
493 375 500 231
494 375 500 232
495 378 500 211
496 378 500 212
497 378 500 211
498 378 500 212
499 385 500 223
500 385 500 224
501 385 500 235
502 385 500 236
503 385 500 223
504 385 500 224
505 385 500 235
506 385 500 236
507 388 500 131
508 388 500 277
509 388 500 279
510 388 500 131
511 388 500 277
512 388 461 279
513 394 500 237
514 394 500 238
515 394 500 237
516 394 500 238
517 395 500 123
518 395 500 124
519 395 500 123
520 395 500 124
521 399 500 325
522 399 500 327
523 399 500 328
524 399 500 329
525 399 500 331
526 399 500 332
527 399 500 325
528 399 500 327
529 399 500 328
530 399 500 329
531 399 500 331
532 399 500 332
533 401 500 151
534 401 500 152
535 401 500 151
536 401 500 152
537 404 500 225
538 404 500 226
539 404 500 225
540 404 500 226
541 405 500 198
542 405 500 200
543 405 500 198
544 405 500 200
545 407 500 155
546 407 500 157
547 407 500 155
548 407 500 157
549 410 500 161
550 410 500 162
551 410 500 161
552 410 500 162
553 417 500 326
554 417 500 330
555 417 500 326
556 417 500 330
557 427 500 243
558 427 500 244
559 427 500 243
560 427 500 244
561 431 467 306
562 431 500 306
563 432 500 251
564 432 500 252
565 432 500 251
566 432 500 252
567 433 500 193
568 433 500 194
569 433 500 265
570 433 500 266
571 433 500 193
572 433 500 194
573 433 500 265
574 433 480 266
575 434 500 241
576 434 500 242
577 434 500 241
578 434 484 242
579 436 500 215
580 436 500 217
581 436 500 215
582 436 500 217
583 441 500 229
584 441 500 230
585 441 500 311
586 441 500 312
587 441 500 313
588 441 500 314
589 441 500 229
590 441 500 230
591 441 500 311
592 441 500 312
593 441 500 313
594 441 500 314
595 445 500 202
596 445 500 204
597 445 500 202
598 445 500 204
599 449 500 209
600 449 500 210
601 449 500 209
602 449 500 210
603 452 497 175
604 452 500 176
605 452 500 175
606 452 500 176
607 453 500 126
608 453 500 126
609 464 500 271
610 464 500 272
611 464 500 271
612 464 500 272
613 466 500 436
614 466 500 438
615 466 500 440
616 466 500 436
617 466 500 438
618 466 500 440
619 471 500 239
620 471 500 240
621 471 500 445
622 471 500 447
623 471 500 239
624 471 500 240
625 471 500 445
626 471 500 447
627 472 500 307
628 472 500 309
629 472 500 307
630 472 500 309
631 475 500 433
632 475 500 437
633 475 500 433
634 475 500 437
635 477 500 305
636 477 500 305
637 479 500 297
638 479 500 303
639 479 500 297
640 479 500 303
641 483 500 463
642 483 500 464
643 483 500 467
644 483 500 468
645 483 500 463
646 483 500 464
647 483 500 467
648 483 500 468
649 484 500 308
650 484 500 310
651 484 500 308
652 484 500 310
653 485 500 296
654 485 500 302
655 485 500 474
656 485 500 296
657 485 500 302
658 485 500 474
659 487 500 295
660 487 500 301
661 487 500 295
662 487 500 301
663 490 500 333
664 490 500 335
665 490 500 435
666 490 500 439
667 490 500 333
668 490 500 335
669 490 500 435
670 490 500 439
671 492 500 245
672 492 500 246
673 492 500 269
674 492 500 245
675 492 500 246
676 492 500 269
677 494 500 267
678 494 500 268
679 494 500 293
680 494 500 294
681 494 500 480
682 494 500 482
683 494 500 267
684 494 500 268
685 494 500 293
686 494 500 294
687 494 500 480
688 494 500 482
689 495 500 401
690 495 500 403
691 495 500 483
692 495 500 485
693 495 500 487
694 495 500 489
695 495 500 401
696 495 500 403
697 495 500 483
698 495 500 485
699 495 500 487
700 495 500 489
701 496 500 285
702 496 500 287
703 496 500 285
704 496 500 287
705 497 500 344
706 497 500 346
707 497 500 344
708 497 500 346
709 498 500 446
710 498 500 448
711 498 500 446
712 498 500 448
